2 0.390625 0.183594 0.103125 0.092188
2 0.732031 0.330469 0.079687 0.098437
2 0.825000 0.328125 0.084375 0.087500
2 0.762500 0.216406 0.115625 0.095312
2 0.962500 0.332813 0.075000 0.090625
2 0.837500 0.511719 0.096875 0.095312
2 0.750000 0.434375 0.096875 0.078125
2 0.421875 0.626563 0.103125 0.081250
2 0.694531 0.613281 0.089063 0.107813
2 0.440625 0.736719 0.084375 0.076563
2 0.518750 0.331250 0.087500 0.068750
2 0.590625 0.183594 0.078125 0.092188
2 0.276562 0.073438 0.075000 0.087500
2 0.253906 0.182031 0.085938 0.073438
